012345
012354
012534
015234
051234
051243
015243
012543
012453
012435
014235
014253
014523
015423
051423
054123
045123
041523
041253
041235
041325
041352
041532
045132
054132
051432
015432
014532
014352
014325
013425
013452
013542
015342
051342
051324
015324
013524
013254
013245
031245
031254
031524
035124
053124
053142
035142
031542
031452
031425
034125
034152
034512
035412
053412
054312
045312
043512
043152
043125
043215
043251
043521
045321
054321
053421
035421
034521
034251
034215
032415
032451
032541
035241
053241
053214
035214
032514
032154
032145
023145
023154
023514
025314
052314
052341
025341
023541
023451
023415
024315
024351
024531
025431
052431
054231
045231
042531
042351
042315
042135
042153
042513
045213
054213
052413
025413
024513
024153
024135
021435
021453
021543
025143
052143
052134
025134
021534
021354
021345
