0123456
0123465
0123645
0126345
0162345
0612345
0612354
0162354
0126354
0123654
0123564
0123546
0125346
0125364
0125634
0126534
0162534
0612534
0615234
0165234
0156234
0152634
0152364
0152346
0512346
0512364
0512634
0516234
0561234
0651234
0651243
0561243
0516243
0512643
0512463
0512436
0152436
0152463
0152643
0156243
0165243
0615243
0612543
0162543
0126543
0125643
0125463
0125436
0124536
0124563
0124653
0126453
0162453
0612453
0612435
0162435
0126435
0124635
0124365
0124356
0142356
0142365
0142635
0146235
0164235
0614235
0614253
0164253
0146253
0142653
0142563
0142536
0145236
0145263
0145623
0146523
0164523
0614523
0615423
0165423
0156423
0154623
0154263
0154236
0514236
0514263
0514623
0516423
0561423
0651423
0654123
0564123
0546123
0541623
0541263
0541236
0451236
0451263
0451623
0456123
0465123
0645123
0641523
0461523
0416523
0415623
0415263
0415236
0412536
0412563
0412653
0416253
0461253
0641253
0641235
0461235
0416235
0412635
0412365
0412356
0413256
0413265
0413625
0416325
0461325
0641325
0641352
0461352
0416352
0413652
0413562
0413526
0415326
0415362
0415632
0416532
0461532
0641532
0645132
0465132
0456132
0451632
0451362
0451326
0541326
0541362
0541632
0546132
0564132
0654132
0651432
0561432
0516432
0514632
0514362
0514326
0154326
0154362
0154632
0156432
0165432
0615432
0614532
0164532
0146532
0145632
0145362
0145326
0143526
0143562
0143652
0146352
0164352
0614352
0614325
0164325
0146325
0143625
0143265
0143256
0134256
0134265
0134625
0136425
0163425
0613425
0613452
0163452
0136452
0134652
0134562
0134526
0135426
0135462
0135642
0136542
0163542
0613542
0615342
0165342
0156342
0153642
0153462
0153426
0513426
0513462
0513642
0516342
0561342
0651342
0651324
0561324
0516324
0513624
0513264
0513246
0153246
0153264
0153624
0156324
0165324
0615324
0613524
0163524
0136524
0135624
0135264
0135246
0132546
0132564
0132654
0136254
0163254
0613254
0613245
0163245
0136245
0132645
0132465
0132456
0312456
0312465
0312645
0316245
0361245
0631245
0631254
0361254
0316254
0312654
0312564
0312546
0315246
0315264
0315624
0316524
0361524
0631524
0635124
0365124
0356124
0351624
0351264
0351246
0531246
0531264
0531624
0536124
0563124
0653124
0653142
0563142
0536142
0531642
0531462
0531426
0351426
0351462
0351642
0356142
0365142
0635142
0631542
0361542
0316542
0315642
0315462
0315426
0314526
0314562
0314652
0316452
0361452
0631452
0631425
0361425
0316425
0314625
0314265
0314256
0341256
0341265
0341625
0346125
0364125
0634125
0634152
0364152
0346152
0341652
0341562
0341526
0345126
0345162
0345612
0346512
0364512
0634512
0635412
0365412
0356412
0354612
0354162
0354126
0534126
0534162
0534612
0536412
0563412
0653412
0654312
0564312
0546312
0543612
0543162
0543126
0453126
0453162
0453612
0456312
0465312
0645312
0643512
0463512
0436512
0435612
0435162
0435126
0431526
0431562
0431652
0436152
0463152
0643152
0643125
0463125
0436125
0431625
0431265
0431256
0432156
0432165
0432615
0436215
0463215
0643215
0643251
0463251
0436251
0432651
0432561
0432516
0435216
0435261
0435621
0436521
0463521
0643521
0645321
0465321
0456321
0453621
0453261
0453216
0543216
0543261
0543621
0546321
0564321
0654321
0653421
0563421
0536421
0534621
0534261
0534216
0354216
0354261
0354621
0356421
0365421
0635421
0634521
0364521
0346521
0345621
0345261
0345216
0342516
0342561
0342651
0346251
0364251
0634251
0634215
0364215
0346215
0342615
0342165
0342156
0324156
0324165
0324615
0326415
0362415
0632415
0632451
0362451
0326451
0324651
0324561
0324516
0325416
0325461
0325641
0326541
0362541
0632541
0635241
0365241
0356241
0352641
0352461
0352416
0532416
0532461
0532641
0536241
0563241
0653241
0653214
0563214
0536214
0532614
0532164
0532146
0352146
0352164
0352614
0356214
0365214
0635214
0632514
0362514
0326514
0325614
0325164
0325146
0321546
0321564
0321654
0326154
0362154
0632154
0632145
0362145
0326145
0321645
0321465
0321456
0231456
0231465
0231645
0236145
0263145
0623145
0623154
0263154
0236154
0231654
0231564
0231546
0235146
0235164
0235614
0236514
0263514
0623514
0625314
0265314
0256314
0253614
0253164
0253146
0523146
0523164
0523614
0526314
0562314
0652314
0652341
0562341
0526341
0523641
0523461
0523416
0253416
0253461
0253641
0256341
0265341
0625341
0623541
0263541
0236541
0235641
0235461
0235416
0234516
0234561
0234651
0236451
0263451
0623451
0623415
0263415
0236415
0234615
0234165
0234156
0243156
0243165
0243615
0246315
0264315
0624315
0624351
0264351
0246351
0243651
0243561
0243516
0245316
0245361
0245631
0246531
0264531
0624531
0625431
0265431
0256431
0254631
0254361
0254316
0524316
0524361
0524631
0526431
0562431
0652431
0654231
0564231
0546231
0542631
0542361
0542316
0452316
0452361
0452631
0456231
0465231
0645231
0642531
0462531
0426531
0425631
0425361
0425316
0423516
0423561
0423651
0426351
0462351
0642351
0642315
0462315
0426315
0423615
0423165
0423156
0421356
0421365
0421635
0426135
0462135
0642135
0642153
0462153
0426153
0421653
0421563
0421536
0425136
0425163
0425613
0426513
0462513
0642513
0645213
0465213
0456213
0452613
0452163
0452136
0542136
0542163
0542613
0546213
0564213
0654213
0652413
0562413
0526413
0524613
0524163
0524136
0254136
0254163
0254613
0256413
0265413
0625413
0624513
0264513
0246513
0245613
0245163
0245136
0241536
0241563
0241653
0246153
0264153
0624153
0624135
0264135
0246135
0241635
0241365
0241356
0214356
0214365
0214635
0216435
0261435
0621435
0621453
0261453
0216453
0214653
0214563
0214536
0215436
0215463
0215643
0216543
0261543
0621543
0625143
0265143
0256143
0251643
0251463
0251436
0521436
0521463
0521643
0526143
0562143
0652143
0652134
0562134
0526134
0521634
0521364
0521346
0251346
0251364
0251634
0256134
0265134
0625134
0621534
0261534
0216534
0215634
0215364
0215346
0213546
0213564
0213654
0216354
0261354
0621354
0621345
0261345
0216345
0213645
0213465
0213456
