01234567
01234576
01234756
01237456
01273456
01723456
07123456
07123465
01723465
01273465
01237465
01234765
01234675
01234657
01236457
01236475
01236745
01237645
01273645
01723645
07123645
07126345
01726345
01276345
01267345
01263745
01263475
01263457
01623457
01623475
01623745
01627345
01672345
01762345
07162345
07612345
06712345
06172345
06127345
06123745
06123475
06123457
06123547
06123574
06123754
06127354
06172354
06712354
07612354
07162354
01762354
01672354
01627354
01623754
01623574
01623547
01263547
01263574
01263754
01267354
01276354
01726354
07126354
07123654
01723654
01273654
01237654
01236754
01236574
01236547
01235647
01235674
01235764
01237564
01273564
01723564
07123564
07123546
01723546
01273546
01237546
01235746
01235476
01235467
01253467
01253476
01253746
01257346
01275346
01725346
07125346
07125364
01725364
01275364
01257364
01253764
01253674
01253647
01256347
01256374
01256734
01257634
01275634
01725634
07125634
07126534
01726534
01276534
01267534
01265734
01265374
01265347
01625347
01625374
01625734
01627534
01672534
01762534
07162534
07612534
06712534
06172534
06127534
06125734
06125374
06125347
06152347
06152374
06152734
06157234
06175234
06715234
07615234
07165234
01765234
01675234
01657234
01652734
01652374
01652347
01562347
01562374
01562734
01567234
01576234
01756234
07156234
07152634
01752634
01572634
01527634
01526734
01526374
01526347
01523647
01523674
01523764
01527364
01572364
01752364
07152364
07152346
01752346
01572346
01527346
01523746
01523476
01523467
05123467
05123476
05123746
05127346
05172346
05712346
07512346
07512364
05712364
05172364
05127364
05123764
05123674
05123647
05126347
05126374
05126734
05127634
05172634
05712634
07512634
07516234
05716234
05176234
05167234
05162734
05162374
05162347
05612347
05612374
05612734
05617234
05671234
05761234
07561234
07651234
06751234
06571234
06517234
06512734
06512374
06512347
06512437
06512473
06512743
06517243
06571243
06751243
07651243
07561243
05761243
05671243
05617243
05612743
05612473
05612437
05162437
05162473
05162743
05167243
05176243
05716243
07516243
07512643
05712643
05172643
05127643
05126743
05126473
05126437
05124637
05124673
05124763
05127463
05172463
05712463
07512463
07512436
05712436
05172436
05127436
05124736
05124376
05124367
01524367
01524376
01524736
01527436
01572436
01752436
07152436
07152463
01752463
01572463
01527463
01524763
01524673
01524637
01526437
01526473
01526743
01527643
01572643
01752643
07152643
07156243
01756243
01576243
01567243
01562743
01562473
01562437
01652437
01652473
01652743
01657243
01675243
01765243
07165243
07615243
06715243
06175243
06157243
06152743
06152473
06152437
06125437
06125473
06125743
06127543
06172543
06712543
07612543
07162543
01762543
01672543
01627543
01625743
01625473
01625437
01265437
01265473
01265743
01267543
01276543
01726543
07126543
07125643
01725643
01275643
01257643
01256743
01256473
01256437
01254637
01254673
01254763
01257463
01275463
01725463
07125463
07125436
01725436
01275436
01257436
01254736
01254376
01254367
01245367
01245376
01245736
01247536
01274536
01724536
07124536
07124563
01724563
01274563
01247563
01245763
01245673
01245637
01246537
01246573
01246753
01247653
01274653
01724653
07124653
07126453
01726453
01276453
01267453
01264753
01264573
01264537
01624537
01624573
01624753
01627453
01672453
01762453
07162453
07612453
06712453
06172453
06127453
06124753
06124573
06124537
06124357
06124375
06124735
06127435
06172435
06712435
07612435
07162435
01762435
01672435
01627435
01624735
01624375
01624357
01264357
01264375
01264735
01267435
01276435
01726435
07126435
07124635
01724635
01274635
01247635
01246735
01246375
01246357
01243657
01243675
01243765
01247365
01274365
01724365
07124365
07124356
01724356
01274356
01247356
01243756
01243576
01243567
01423567
01423576
01423756
01427356
01472356
01742356
07142356
07142365
01742365
01472365
01427365
01423765
01423675
01423657
01426357
01426375
01426735
01427635
01472635
01742635
07142635
07146235
01746235
01476235
01467235
01462735
01462375
01462357
01642357
01642375
01642735
01647235
01674235
01764235
07164235
07614235
06714235
06174235
06147235
06142735
06142375
06142357
06142537
06142573
06142753
06147253
06174253
06714253
07614253
07164253
01764253
01674253
01647253
01642753
01642573
01642537
01462537
01462573
01462753
01467253
01476253
01746253
07146253
07142653
01742653
01472653
01427653
01426753
01426573
01426537
01425637
01425673
01425763
01427563
01472563
01742563
07142563
07142536
01742536
01472536
01427536
01425736
01425376
01425367
01452367
01452376
01452736
01457236
01475236
01745236
07145236
07145263
01745263
01475263
01457263
01452763
01452673
01452637
01456237
01456273
01456723
01457623
01475623
01745623
07145623
07146523
01746523
01476523
01467523
01465723
01465273
01465237
01645237
01645273
01645723
01647523
01674523
01764523
07164523
07614523
06714523
06174523
06147523
06145723
06145273
06145237
06154237
06154273
06154723
06157423
06175423
06715423
07615423
07165423
01765423
01675423
01657423
01654723
01654273
01654237
01564237
01564273
01564723
01567423
01576423
01756423
07156423
07154623
01754623
01574623
01547623
01546723
01546273
01546237
01542637
01542673
01542763
01547263
01574263
01754263
07154263
07154236
01754236
01574236
01547236
01542736
01542376
01542367
05142367
05142376
05142736
05147236
05174236
05714236
07514236
07514263
05714263
05174263
05147263
05142763
05142673
05142637
05146237
05146273
05146723
05147623
05174623
05714623
07514623
07516423
05716423
05176423
05167423
05164723
05164273
05164237
05614237
05614273
05614723
05617423
05671423
05761423
07561423
07651423
06751423
06571423
06517423
06514723
06514273
06514237
06541237
06541273
06541723
06547123
06574123
06754123
07654123
07564123
05764123
05674123
05647123
05641723
05641273
05641237
05461237
05461273
05461723
05467123
05476123
05746123
07546123
07541623
05741623
05471623
05417623
05416723
05416273
05416237
05412637
05412673
05412763
05417263
05471263
05741263
07541263
07541236
05741236
05471236
05417236
05412736
05412376
05412367
04512367
04512376
04512736
04517236
04571236
04751236
07451236
07451263
04751263
04571263
04517263
04512763
04512673
04512637
04516237
04516273
04516723
04517623
04571623
04751623
07451623
07456123
04756123
04576123
04567123
04561723
04561273
04561237
04651237
04651273
04651723
04657123
04675123
04765123
07465123
07645123
06745123
06475123
06457123
06451723
06451273
06451237
06415237
06415273
06415723
06417523
06471523
06741523
07641523
07461523
04761523
04671523
04617523
04615723
04615273
04615237
04165237
04165273
04165723
04167523
04176523
04716523
07416523
07415623
04715623
04175623
04157623
04156723
04156273
04156237
04152637
04152673
04152763
04157263
04175263
04715263
07415263
07415236
04715236
04175236
04157236
04152736
04152376
04152367
04125367
04125376
04125736
04127536
04172536
04712536
07412536
07412563
04712563
04172563
04127563
04125763
04125673
04125637
04126537
04126573
04126753
04127653
04172653
04712653
07412653
07416253
04716253
04176253
04167253
04162753
04162573
04162537
04612537
04612573
04612753
04617253
04671253
04761253
07461253
07641253
06741253
06471253
06417253
06412753
06412573
06412537
06412357
06412375
06412735
06417235
06471235
06741235
07641235
07461235
04761235
04671235
04617235
04612735
04612375
04612357
04162357
04162375
04162735
04167235
04176235
04716235
07416235
07412635
04712635
04172635
04127635
04126735
04126375
04126357
04123657
04123675
04123765
04127365
04172365
04712365
07412365
07412356
04712356
04172356
04127356
04123756
04123576
04123567
04132567
04132576
04132756
04137256
04173256
04713256
07413256
07413265
04713265
04173265
04137265
04132765
04132675
04132657
04136257
04136275
04136725
04137625
04173625
04713625
07413625
07416325
04716325
04176325
04167325
04163725
04163275
04163257
04613257
04613275
04613725
04617325
04671325
04761325
07461325
07641325
06741325
06471325
06417325
06413725
06413275
06413257
06413527
06413572
06413752
06417352
06471352
06741352
07641352
07461352
04761352
04671352
04617352
04613752
04613572
04613527
04163527
04163572
04163752
04167352
04176352
04716352
07416352
07413652
04713652
04173652
04137652
04136752
04136572
04136527
04135627
04135672
04135762
04137562
04173562
04713562
07413562
07413526
04713526
04173526
04137526
04135726
04135276
04135267
04153267
04153276
04153726
04157326
04175326
04715326
07415326
07415362
04715362
04175362
04157362
04153762
04153672
04153627
04156327
04156372
04156732
04157632
04175632
04715632
07415632
07416532
04716532
04176532
04167532
04165732
04165372
04165327
04615327
04615372
04615732
04617532
04671532
04761532
07461532
07641532
06741532
06471532
06417532
06415732
06415372
06415327
06451327
06451372
06451732
06457132
06475132
06745132
07645132
07465132
04765132
04675132
04657132
04651732
04651372
04651327
04561327
04561372
04561732
04567132
04576132
04756132
07456132
07451632
04751632
04571632
04517632
04516732
04516372
04516327
04513627
04513672
04513762
04517362
04571362
04751362
07451362
07451326
04751326
04571326
04517326
04513726
04513276
04513267
05413267
05413276
05413726
05417326
05471326
05741326
07541326
07541362
05741362
05471362
05417362
05413762
05413672
05413627
05416327
05416372
05416732
05417632
05471632
05741632
07541632
07546132
05746132
05476132
05467132
05461732
05461372
05461327
05641327
05641372
05641732
05647132
05674132
05764132
07564132
07654132
06754132
06574132
06547132
06541732
06541372
06541327
06514327
06514372
06514732
06517432
06571432
06751432
07651432
07561432
05761432
05671432
05617432
05614732
05614372
05614327
05164327
05164372
05164732
05167432
05176432
05716432
07516432
07514632
05714632
05174632
05147632
05146732
05146372
05146327
05143627
05143672
05143762
05147362
05174362
05714362
07514362
07514326
05714326
05174326
05147326
05143726
05143276
05143267
01543267
01543276
01543726
01547326
01574326
01754326
07154326
07154362
01754362
01574362
01547362
01543762
01543672
01543627
01546327
01546372
01546732
01547632
01574632
01754632
07154632
07156432
01756432
01576432
01567432
01564732
01564372
01564327
01654327
01654372
01654732
01657432
01675432
01765432
07165432
07615432
06715432
06175432
06157432
06154732
06154372
06154327
06145327
06145372
06145732
06147532
06174532
06714532
07614532
07164532
01764532
01674532
01647532
01645732
01645372
01645327
01465327
01465372
01465732
01467532
01476532
01746532
07146532
07145632
01745632
01475632
01457632
01456732
01456372
01456327
01453627
01453672
01453762
01457362
01475362
01745362
07145362
07145326
01745326
01475326
01457326
01453726
01453276
01453267
01435267
01435276
01435726
01437526
01473526
01743526
07143526
07143562
01743562
01473562
01437562
01435762
01435672
01435627
01436527
01436572
01436752
01437652
01473652
01743652
07143652
07146352
01746352
01476352
01467352
01463752
01463572
01463527
01643527
01643572
01643752
01647352
01674352
01764352
07164352
07614352
06714352
06174352
06147352
06143752
06143572
06143527
06143257
06143275
06143725
06147325
06174325
06714325
07614325
07164325
01764325
01674325
01647325
01643725
01643275
01643257
01463257
01463275
01463725
01467325
01476325
01746325
07146325
07143625
01743625
01473625
01437625
01436725
01436275
01436257
01432657
01432675
01432765
01437265
01473265
01743265
07143265
07143256
01743256
01473256
01437256
01432756
01432576
01432567
01342567
01342576
01342756
01347256
01374256
01734256
07134256
07134265
01734265
01374265
01347265
01342765
01342675
01342657
01346257
01346275
01346725
01347625
01374625
01734625
07134625
07136425
01736425
01376425
01367425
01364725
01364275
01364257
01634257
01634275
01634725
01637425
01673425
01763425
07163425
07613425
06713425
06173425
06137425
06134725
06134275
06134257
06134527
06134572
06134752
06137452
06173452
06713452
07613452
07163452
01763452
01673452
01637452
01634752
01634572
01634527
01364527
01364572
01364752
01367452
01376452
01736452
07136452
07134652
01734652
01374652
01347652
01346752
01346572
01346527
01345627
01345672
01345762
01347562
01374562
01734562
07134562
07134526
01734526
01374526
01347526
01345726
01345276
01345267
01354267
01354276
01354726
01357426
01375426
01735426
07135426
07135462
01735462
01375462
01357462
01354762
01354672
01354627
01356427
01356472
01356742
01357642
01375642
01735642
07135642
07136542
01736542
01376542
01367542
01365742
01365472
01365427
01635427
01635472
01635742
01637542
01673542
01763542
07163542
07613542
06713542
06173542
06137542
06135742
06135472
06135427
06153427
06153472
06153742
06157342
06175342
06715342
07615342
07165342
01765342
01675342
01657342
01653742
01653472
01653427
01563427
01563472
01563742
01567342
01576342
01756342
07156342
07153642
01753642
01573642
01537642
01536742
01536472
01536427
01534627
01534672
01534762
01537462
01573462
01753462
07153462
07153426
01753426
01573426
01537426
01534726
01534276
01534267
05134267
05134276
05134726
05137426
05173426
05713426
07513426
07513462
05713462
05173462
05137462
05134762
05134672
05134627
05136427
05136472
05136742
05137642
05173642
05713642
07513642
07516342
05716342
05176342
05167342
05163742
05163472
05163427
05613427
05613472
05613742
05617342
05671342
05761342
07561342
07651342
06751342
06571342
06517342
06513742
06513472
06513427
06513247
06513274
06513724
06517324
06571324
06751324
07651324
07561324
05761324
05671324
05617324
05613724
05613274
05613247
05163247
05163274
05163724
05167324
05176324
05716324
07516324
07513624
05713624
05173624
05137624
05136724
05136274
05136247
05132647
05132674
05132764
05137264
05173264
05713264
07513264
07513246
05713246
05173246
05137246
05132746
05132476
05132467
01532467
01532476
01532746
01537246
01573246
01753246
07153246
07153264
01753264
01573264
01537264
01532764
01532674
01532647
01536247
01536274
01536724
01537624
01573624
01753624
07153624
07156324
01756324
01576324
01567324
01563724
01563274
01563247
01653247
01653274
01653724
01657324
01675324
01765324
07165324
07615324
06715324
06175324
06157324
06153724
06153274
06153247
06135247
06135274
06135724
06137524
06173524
06713524
07613524
07163524
01763524
01673524
01637524
01635724
01635274
01635247
01365247
01365274
01365724
01367524
01376524
01736524
07136524
07135624
01735624
01375624
01357624
01356724
01356274
01356247
01352647
01352674
01352764
01357264
01375264
01735264
07135264
07135246
01735246
01375246
01357246
01352746
01352476
01352467
01325467
01325476
01325746
01327546
01372546
01732546
07132546
07132564
01732564
01372564
01327564
01325764
01325674
01325647
01326547
01326574
01326754
01327654
01372654
01732654
07132654
07136254
01736254
01376254
01367254
01362754
01362574
01362547
01632547
01632574
01632754
01637254
01673254
01763254
07163254
07613254
06713254
06173254
06137254
06132754
06132574
06132547
06132457
06132475
06132745
06137245
06173245
06713245
07613245
07163245
01763245
01673245
01637245
01632745
01632475
01632457
01362457
01362475
01362745
01367245
01376245
01736245
07136245
07132645
01732645
01372645
01327645
01326745
01326475
01326457
01324657
01324675
01324765
01327465
01372465
01732465
07132465
07132456
01732456
01372456
01327456
01324756
01324576
01324567
03124567
03124576
03124756
03127456
03172456
03712456
07312456
07312465
03712465
03172465
03127465
03124765
03124675
03124657
03126457
03126475
03126745
03127645
03172645
03712645
07312645
07316245
03716245
03176245
03167245
03162745
03162475
03162457
03612457
03612475
03612745
03617245
03671245
03761245
07361245
07631245
06731245
06371245
06317245
06312745
06312475
06312457
06312547
06312574
06312754
06317254
06371254
06731254
07631254
07361254
03761254
03671254
03617254
03612754
03612574
03612547
03162547
03162574
03162754
03167254
03176254
03716254
07316254
07312654
03712654
03172654
03127654
03126754
03126574
03126547
03125647
03125674
03125764
03127564
03172564
03712564
07312564
07312546
03712546
03172546
03127546
03125746
03125476
03125467
03152467
03152476
03152746
03157246
03175246
03715246
07315246
07315264
03715264
03175264
03157264
03152764
03152674
03152647
03156247
03156274
03156724
03157624
03175624
03715624
07315624
07316524
03716524
03176524
03167524
03165724
03165274
03165247
03615247
03615274
03615724
03617524
03671524
03761524
07361524
07631524
06731524
06371524
06317524
06315724
06315274
06315247
06351247
06351274
06351724
06357124
06375124
06735124
07635124
07365124
03765124
03675124
03657124
03651724
03651274
03651247
03561247
03561274
03561724
03567124
03576124
03756124
07356124
07351624
03751624
03571624
03517624
03516724
03516274
03516247
03512647
03512674
03512764
03517264
03571264
03751264
07351264
07351246
03751246
03571246
03517246
03512746
03512476
03512467
05312467
05312476
05312746
05317246
05371246
05731246
07531246
07531264
05731264
05371264
05317264
05312764
05312674
05312647
05316247
05316274
05316724
05317624
05371624
05731624
07531624
07536124
05736124
05376124
05367124
05361724
05361274
05361247
05631247
05631274
05631724
05637124
05673124
05763124
07563124
07653124
06753124
06573124
06537124
06531724
06531274
06531247
06531427
06531472
06531742
06537142
06573142
06753142
07653142
07563142
05763142
05673142
05637142
05631742
05631472
05631427
05361427
05361472
05361742
05367142
05376142
05736142
07536142
07531642
05731642
05371642
05317642
05316742
05316472
05316427
05314627
05314672
05314762
05317462
05371462
05731462
07531462
07531426
05731426
05371426
05317426
05314726
05314276
05314267
03514267
03514276
03514726
03517426
03571426
03751426
07351426
07351462
03751462
03571462
03517462
03514762
03514672
03514627
03516427
03516472
03516742
03517642
03571642
03751642
07351642
07356142
03756142
03576142
03567142
03561742
03561472
03561427
03651427
03651472
03651742
03657142
03675142
03765142
07365142
07635142
06735142
06375142
06357142
06351742
06351472
06351427
06315427
06315472
06315742
06317542
06371542
06731542
07631542
07361542
03761542
03671542
03617542
03615742
03615472
03615427
03165427
03165472
03165742
03167542
03176542
03716542
07316542
07315642
03715642
03175642
03157642
03156742
03156472
03156427
03154627
03154672
03154762
03157462
03175462
03715462
07315462
07315426
03715426
03175426
03157426
03154726
03154276
03154267
03145267
03145276
03145726
03147526
03174526
03714526
07314526
07314562
03714562
03174562
03147562
03145762
03145672
03145627
03146527
03146572
03146752
03147652
03174652
03714652
07314652
07316452
03716452
03176452
03167452
03164752
03164572
03164527
03614527
03614572
03614752
03617452
03671452
03761452
07361452
07631452
06731452
06371452
06317452
06314752
06314572
06314527
06314257
06314275
06314725
06317425
06371425
06731425
07631425
07361425
03761425
03671425
03617425
03614725
03614275
03614257
03164257
03164275
03164725
03167425
03176425
03716425
07316425
07314625
03714625
03174625
03147625
03146725
03146275
03146257
03142657
03142675
03142765
03147265
03174265
03714265
07314265
07314256
03714256
03174256
03147256
03142756
03142576
03142567
03412567
03412576
03412756
03417256
03471256
03741256
07341256
07341265
03741265
03471265
03417265
03412765
03412675
03412657
03416257
03416275
03416725
03417625
03471625
03741625
07341625
07346125
03746125
03476125
03467125
03461725
03461275
03461257
03641257
03641275
03641725
03647125
03674125
03764125
07364125
07634125
06734125
06374125
06347125
06341725
06341275
06341257
06341527
06341572
06341752
06347152
06374152
06734152
07634152
07364152
03764152
03674152
03647152
03641752
03641572
03641527
03461527
03461572
03461752
03467152
03476152
03746152
07346152
07341652
03741652
03471652
03417652
03416752
03416572
03416527
03415627
03415672
03415762
03417562
03471562
03741562
07341562
07341526
03741526
03471526
03417526
03415726
03415276
03415267
03451267
03451276
03451726
03457126
03475126
03745126
07345126
07345162
03745162
03475162
03457162
03451762
03451672
03451627
03456127
03456172
03456712
03457612
03475612
03745612
07345612
07346512
03746512
03476512
03467512
03465712
03465172
03465127
03645127
03645172
03645712
03647512
03674512
03764512
07364512
07634512
06734512
06374512
06347512
06345712
06345172
06345127
06354127
06354172
06354712
06357412
06375412
06735412
07635412
07365412
03765412
03675412
03657412
03654712
03654172
03654127
03564127
03564172
03564712
03567412
03576412
03756412
07356412
07354612
03754612
03574612
03547612
03546712
03546172
03546127
03541627
03541672
03541762
03547162
03574162
03754162
07354162
07354126
03754126
03574126
03547126
03541726
03541276
03541267
05341267
05341276
05341726
05347126
05374126
05734126
07534126
07534162
05734162
05374162
05347162
05341762
05341672
05341627
05346127
05346172
05346712
05347612
05374612
05734612
07534612
07536412
05736412
05376412
05367412
05364712
05364172
05364127
05634127
05634172
05634712
05637412
05673412
05763412
07563412
07653412
06753412
06573412
06537412
06534712
06534172
06534127
06543127
06543172
06543712
06547312
06574312
06754312
07654312
07564312
05764312
05674312
05647312
05643712
05643172
05643127
05463127
05463172
05463712
05467312
05476312
05746312
07546312
07543612
05743612
05473612
05437612
05436712
05436172
05436127
05431627
05431672
05431762
05437162
05473162
05743162
07543162
07543126
05743126
05473126
05437126
05431726
05431276
05431267
04531267
04531276
04531726
04537126
04573126
04753126
07453126
07453162
04753162
04573162
04537162
04531762
04531672
04531627
04536127
04536172
04536712
04537612
04573612
04753612
07453612
07456312
04756312
04576312
04567312
04563712
04563172
04563127
04653127
04653172
04653712
04657312
04675312
04765312
07465312
07645312
06745312
06475312
06457312
06453712
06453172
06453127
06435127
06435172
06435712
06437512
06473512
06743512
07643512
07463512
04763512
04673512
04637512
04635712
04635172
04635127
04365127
04365172
04365712
04367512
04376512
04736512
07436512
07435612
04735612
04375612
04357612
04356712
04356172
04356127
04351627
04351672
04351762
04357162
04375162
04735162
07435162
07435126
04735126
04375126
04357126
04351726
04351276
04351267
04315267
04315276
04315726
04317526
04371526
04731526
07431526
07431562
04731562
04371562
04317562
04315762
04315672
04315627
04316527
04316572
04316752
04317652
04371652
04731652
07431652
07436152
04736152
04376152
04367152
04361752
04361572
04361527
04631527
04631572
04631752
04637152
04673152
04763152
07463152
07643152
06743152
06473152
06437152
06431752
06431572
06431527
06431257
06431275
06431725
06437125
06473125
06743125
07643125
07463125
04763125
04673125
04637125
04631725
04631275
04631257
04361257
04361275
04361725
04367125
04376125
04736125
07436125
07431625
04731625
04371625
04317625
04316725
04316275
04316257
04312657
04312675
04312765
04317265
04371265
04731265
07431265
07431256
04731256
04371256
04317256
04312756
04312576
04312567
04321567
04321576
04321756
04327156
04372156
04732156
07432156
07432165
04732165
04372165
04327165
04321765
04321675
04321657
04326157
04326175
04326715
04327615
04372615
04732615
07432615
07436215
04736215
04376215
04367215
04362715
04362175
04362157
04632157
04632175
04632715
04637215
04673215
04763215
07463215
07643215
06743215
06473215
06437215
06432715
06432175
06432157
06432517
06432571
06432751
06437251
06473251
06743251
07643251
07463251
04763251
04673251
04637251
04632751
04632571
04632517
04362517
04362571
04362751
04367251
04376251
04736251
07436251
07432651
04732651
04372651
04327651
04326751
04326571
04326517
04325617
04325671
04325761
04327561
04372561
04732561
07432561
07432516
04732516
04372516
04327516
04325716
04325176
04325167
04352167
04352176
04352716
04357216
04375216
04735216
07435216
07435261
04735261
04375261
04357261
04352761
04352671
04352617
04356217
04356271
04356721
04357621
04375621
04735621
07435621
07436521
04736521
04376521
04367521
04365721
04365271
04365217
04635217
04635271
04635721
04637521
04673521
04763521
07463521
07643521
06743521
06473521
06437521
06435721
06435271
06435217
06453217
06453271
06453721
06457321
06475321
06745321
07645321
07465321
04765321
04675321
04657321
04653721
04653271
04653217
04563217
04563271
04563721
04567321
04576321
04756321
07456321
07453621
04753621
04573621
04537621
04536721
04536271
04536217
04532617
04532671
04532761
04537261
04573261
04753261
07453261
07453216
04753216
04573216
04537216
04532716
04532176
04532167
05432167
05432176
05432716
05437216
05473216
05743216
07543216
07543261
05743261
05473261
05437261
05432761
05432671
05432617
05436217
05436271
05436721
05437621
05473621
05743621
07543621
07546321
05746321
05476321
05467321
05463721
05463271
05463217
05643217
05643271
05643721
05647321
05674321
05764321
07564321
07654321
06754321
06574321
06547321
06543721
06543271
06543217
06534217
06534271
06534721
06537421
06573421
06753421
07653421
07563421
05763421
05673421
05637421
05634721
05634271
05634217
05364217
05364271
05364721
05367421
05376421
05736421
07536421
07534621
05734621
05374621
05347621
05346721
05346271
05346217
05342617
05342671
05342761
05347261
05374261
05734261
07534261
07534216
05734216
05374216
05347216
05342716
05342176
05342167
03542167
03542176
03542716
03547216
03574216
03754216
07354216
07354261
03754261
03574261
03547261
03542761
03542671
03542617
03546217
03546271
03546721
03547621
03574621
03754621
07354621
07356421
03756421
03576421
03567421
03564721
03564271
03564217
03654217
03654271
03654721
03657421
03675421
03765421
07365421
07635421
06735421
06375421
06357421
06354721
06354271
06354217
06345217
06345271
06345721
06347521
06374521
06734521
07634521
07364521
03764521
03674521
03647521
03645721
03645271
03645217
03465217
03465271
03465721
03467521
03476521
03746521
07346521
07345621
03745621
03475621
03457621
03456721
03456271
03456217
03452617
03452671
03452761
03457261
03475261
03745261
07345261
07345216
03745216
03475216
03457216
03452716
03452176
03452167
03425167
03425176
03425716
03427516
03472516
03742516
07342516
07342561
03742561
03472561
03427561
03425761
03425671
03425617
03426517
03426571
03426751
03427651
03472651
03742651
07342651
07346251
03746251
03476251
03467251
03462751
03462571
03462517
03642517
03642571
03642751
03647251
03674251
03764251
07364251
07634251
06734251
06374251
06347251
06342751
06342571
06342517
06342157
06342175
06342715
06347215
06374215
06734215
07634215
07364215
03764215
03674215
03647215
03642715
03642175
03642157
03462157
03462175
03462715
03467215
03476215
03746215
07346215
07342615
03742615
03472615
03427615
03426715
03426175
03426157
03421657
03421675
03421765
03427165
03472165
03742165
07342165
07342156
03742156
03472156
03427156
03421756
03421576
03421567
03241567
03241576
03241756
03247156
03274156
03724156
07324156
07324165
03724165
03274165
03247165
03241765
03241675
03241657
03246157
03246175
03246715
03247615
03274615
03724615
07324615
07326415
03726415
03276415
03267415
03264715
03264175
03264157
03624157
03624175
03624715
03627415
03672415
03762415
07362415
07632415
06732415
06372415
06327415
06324715
06324175
06324157
06324517
06324571
06324751
06327451
06372451
06732451
07632451
07362451
03762451
03672451
03627451
03624751
03624571
03624517
03264517
03264571
03264751
03267451
03276451
03726451
07326451
07324651
03724651
03274651
03247651
03246751
03246571
03246517
03245617
03245671
03245761
03247561
03274561
03724561
07324561
07324516
03724516
03274516
03247516
03245716
03245176
03245167
03254167
03254176
03254716
03257416
03275416
03725416
07325416
07325461
03725461
03275461
03257461
03254761
03254671
03254617
03256417
03256471
03256741
03257641
03275641
03725641
07325641
07326541
03726541
03276541
03267541
03265741
03265471
03265417
03625417
03625471
03625741
03627541
03672541
03762541
07362541
07632541
06732541
06372541
06327541
06325741
06325471
06325417
06352417
06352471
06352741
06357241
06375241
06735241
07635241
07365241
03765241
03675241
03657241
03652741
03652471
03652417
03562417
03562471
03562741
03567241
03576241
03756241
07356241
07352641
03752641
03572641
03527641
03526741
03526471
03526417
03524617
03524671
03524761
03527461
03572461
03752461
07352461
07352416
03752416
03572416
03527416
03524716
03524176
03524167
05324167
05324176
05324716
05327416
05372416
05732416
07532416
07532461
05732461
05372461
05327461
05324761
05324671
05324617
05326417
05326471
05326741
05327641
05372641
05732641
07532641
07536241
05736241
05376241
05367241
05362741
05362471
05362417
05632417
05632471
05632741
05637241
05673241
05763241
07563241
07653241
06753241
06573241
06537241
06532741
06532471
06532417
06532147
06532174
06532714
06537214
06573214
06753214
07653214
07563214
05763214
05673214
05637214
05632714
05632174
05632147
05362147
05362174
05362714
05367214
05376214
05736214
07536214
07532614
05732614
05372614
05327614
05326714
05326174
05326147
05321647
05321674
05321764
05327164
05372164
05732164
07532164
07532146
05732146
05372146
05327146
05321746
05321476
05321467
03521467
03521476
03521746
03527146
03572146
03752146
07352146
07352164
03752164
03572164
03527164
03521764
03521674
03521647
03526147
03526174
03526714
03527614
03572614
03752614
07352614
07356214
03756214
03576214
03567214
03562714
03562174
03562147
03652147
03652174
03652714
03657214
03675214
03765214
07365214
07635214
06735214
06375214
06357214
06352714
06352174
06352147
06325147
06325174
06325714
06327514
06372514
06732514
07632514
07362514
03762514
03672514
03627514
03625714
03625174
03625147
03265147
03265174
03265714
03267514
03276514
03726514
07326514
07325614
03725614
03275614
03257614
03256714
03256174
03256147
03251647
03251674
03251764
03257164
03275164
03725164
07325164
07325146
03725146
03275146
03257146
03251746
03251476
03251467
03215467
03215476
03215746
03217546
03271546
03721546
07321546
07321564
03721564
03271564
03217564
03215764
03215674
03215647
03216547
03216574
03216754
03217654
03271654
03721654
07321654
07326154
03726154
03276154
03267154
03261754
03261574
03261547
03621547
03621574
03621754
03627154
03672154
03762154
07362154
07632154
06732154
06372154
06327154
06321754
06321574
06321547
06321457
06321475
06321745
06327145
06372145
06732145
07632145
07362145
03762145
03672145
03627145
03621745
03621475
03621457
03261457
03261475
03261745
03267145
03276145
03726145
07326145
07321645
03721645
03271645
03217645
03216745
03216475
03216457
03214657
03214675
03214765
03217465
03271465
03721465
07321465
07321456
03721456
03271456
03217456
03214756
03214576
03214567
02314567
02314576
02314756
02317456
02371456
02731456
07231456
07231465
02731465
02371465
02317465
02314765
02314675
02314657
02316457
02316475
02316745
02317645
02371645
02731645
07231645
07236145
02736145
02376145
02367145
02361745
02361475
02361457
02631457
02631475
02631745
02637145
02673145
02763145
07263145
07623145
06723145
06273145
06237145
06231745
06231475
06231457
06231547
06231574
06231754
06237154
06273154
06723154
07623154
07263154
02763154
02673154
02637154
02631754
02631574
02631547
02361547
02361574
02361754
02367154
02376154
02736154
07236154
07231654
02731654
02371654
02317654
02316754
02316574
02316547
02315647
02315674
02315764
02317564
02371564
02731564
07231564
07231546
02731546
02371546
02317546
02315746
02315476
02315467
02351467
02351476
02351746
02357146
02375146
02735146
07235146
07235164
02735164
02375164
02357164
02351764
02351674
02351647
02356147
02356174
02356714
02357614
02375614
02735614
07235614
07236514
02736514
02376514
02367514
02365714
02365174
02365147
02635147
02635174
02635714
02637514
02673514
02763514
07263514
07623514
06723514
06273514
06237514
06235714
06235174
06235147
06253147
06253174
06253714
06257314
06275314
06725314
07625314
07265314
02765314
02675314
02657314
02653714
02653174
02653147
02563147
02563174
02563714
02567314
02576314
02756314
07256314
07253614
02753614
02573614
02537614
02536714
02536174
02536147
02531647
02531674
02531764
02537164
02573164
02753164
07253164
07253146
02753146
02573146
02537146
02531746
02531476
02531467
05231467
05231476
05231746
05237146
05273146
05723146
07523146
07523164
05723164
05273164
05237164
05231764
05231674
05231647
05236147
05236174
05236714
05237614
05273614
05723614
07523614
07526314
05726314
05276314
05267314
05263714
05263174
05263147
05623147
05623174
05623714
05627314
05672314
05762314
07562314
07652314
06752314
06572314
06527314
06523714
06523174
06523147
06523417
06523471
06523741
06527341
06572341
06752341
07652341
07562341
05762341
05672341
05627341
05623741
05623471
05623417
05263417
05263471
05263741
05267341
05276341
05726341
07526341
07523641
05723641
05273641
05237641
05236741
05236471
05236417
05234617
05234671
05234761
05237461
05273461
05723461
07523461
07523416
05723416
05273416
05237416
05234716
05234176
05234167
02534167
02534176
02534716
02537416
02573416
02753416
07253416
07253461
02753461
02573461
02537461
02534761
02534671
02534617
02536417
02536471
02536741
02537641
02573641
02753641
07253641
07256341
02756341
02576341
02567341
02563741
02563471
02563417
02653417
02653471
02653741
02657341
02675341
02765341
07265341
07625341
06725341
06275341
06257341
06253741
06253471
06253417
06235417
06235471
06235741
06237541
06273541
06723541
07623541
07263541
02763541
02673541
02637541
02635741
02635471
02635417
02365417
02365471
02365741
02367541
02376541
02736541
07236541
07235641
02735641
02375641
02357641
02356741
02356471
02356417
02354617
02354671
02354761
02357461
02375461
02735461
07235461
07235416
02735416
02375416
02357416
02354716
02354176
02354167
02345167
02345176
02345716
02347516
02374516
02734516
07234516
07234561
02734561
02374561
02347561
02345761
02345671
02345617
02346517
02346571
02346751
02347651
02374651
02734651
07234651
07236451
02736451
02376451
02367451
02364751
02364571
02364517
02634517
02634571
02634751
02637451
02673451
02763451
07263451
07623451
06723451
06273451
06237451
06234751
06234571
06234517
06234157
06234175
06234715
06237415
06273415
06723415
07623415
07263415
02763415
02673415
02637415
02634715
02634175
02634157
02364157
02364175
02364715
02367415
02376415
02736415
07236415
07234615
02734615
02374615
02347615
02346715
02346175
02346157
02341657
02341675
02341765
02347165
02374165
02734165
07234165
07234156
02734156
02374156
02347156
02341756
02341576
02341567
02431567
02431576
02431756
02437156
02473156
02743156
07243156
07243165
02743165
02473165
02437165
02431765
02431675
02431657
02436157
02436175
02436715
02437615
02473615
02743615
07243615
07246315
02746315
02476315
02467315
02463715
02463175
02463157
02643157
02643175
02643715
02647315
02674315
02764315
07264315
07624315
06724315
06274315
06247315
06243715
06243175
06243157
06243517
06243571
06243751
06247351
06274351
06724351
07624351
07264351
02764351
02674351
02647351
02643751
02643571
02643517
02463517
02463571
02463751
02467351
02476351
02746351
07246351
07243651
02743651
02473651
02437651
02436751
02436571
02436517
02435617
02435671
02435761
02437561
02473561
02743561
07243561
07243516
02743516
02473516
02437516
02435716
02435176
02435167
02453167
02453176
02453716
02457316
02475316
02745316
07245316
07245361
02745361
02475361
02457361
02453761
02453671
02453617
02456317
02456371
02456731
02457631
02475631
02745631
07245631
07246531
02746531
02476531
02467531
02465731
02465371
02465317
02645317
02645371
02645731
02647531
02674531
02764531
07264531
07624531
06724531
06274531
06247531
06245731
06245371
06245317
06254317
06254371
06254731
06257431
06275431
06725431
07625431
07265431
02765431
02675431
02657431
02654731
02654371
02654317
02564317
02564371
02564731
02567431
02576431
02756431
07256431
07254631
02754631
02574631
02547631
02546731
02546371
02546317
02543617
02543671
02543761
02547361
02574361
02754361
07254361
07254316
02754316
02574316
02547316
02543716
02543176
02543167
05243167
05243176
05243716
05247316
05274316
05724316
07524316
07524361
05724361
05274361
05247361
05243761
05243671
05243617
05246317
05246371
05246731
05247631
05274631
05724631
07524631
07526431
05726431
05276431
05267431
05264731
05264371
05264317
05624317
05624371
05624731
05627431
05672431
05762431
07562431
07652431
06752431
06572431
06527431
06524731
06524371
06524317
06542317
06542371
06542731
06547231
06574231
06754231
07654231
07564231
05764231
05674231
05647231
05642731
05642371
05642317
05462317
05462371
05462731
05467231
05476231
05746231
07546231
07542631
05742631
05472631
05427631
05426731
05426371
05426317
05423617
05423671
05423761
05427361
05472361
05742361
07542361
07542316
05742316
05472316
05427316
05423716
05423176
05423167
04523167
04523176
04523716
04527316
04572316
04752316
07452316
07452361
04752361
04572361
04527361
04523761
04523671
04523617
04526317
04526371
04526731
04527631
04572631
04752631
07452631
07456231
04756231
04576231
04567231
04562731
04562371
04562317
04652317
04652371
04652731
04657231
04675231
04765231
07465231
07645231
06745231
06475231
06457231
06452731
06452371
06452317
06425317
06425371
06425731
06427531
06472531
06742531
07642531
07462531
04762531
04672531
04627531
04625731
04625371
04625317
04265317
04265371
04265731
04267531
04276531
04726531
07426531
07425631
04725631
04275631
04257631
04256731
04256371
04256317
04253617
04253671
04253761
04257361
04275361
04725361
07425361
07425316
04725316
04275316
04257316
04253716
04253176
04253167
04235167
04235176
04235716
04237516
04273516
04723516
07423516
07423561
04723561
04273561
04237561
04235761
04235671
04235617
04236517
04236571
04236751
04237651
04273651
04723651
07423651
07426351
04726351
04276351
04267351
04263751
04263571
04263517
04623517
04623571
04623751
04627351
04672351
04762351
07462351
07642351
06742351
06472351
06427351
06423751
06423571
06423517
06423157
06423175
06423715
06427315
06472315
06742315
07642315
07462315
04762315
04672315
04627315
04623715
04623175
04623157
04263157
04263175
04263715
04267315
04276315
04726315
07426315
07423615
04723615
04273615
04237615
04236715
04236175
04236157
04231657
04231675
04231765
04237165
04273165
04723165
07423165
07423156
04723156
04273156
04237156
04231756
04231576
04231567
04213567
04213576
04213756
04217356
04271356
04721356
07421356
07421365
04721365
04271365
04217365
04213765
04213675
04213657
04216357
04216375
04216735
04217635
04271635
04721635
07421635
07426135
04726135
04276135
04267135
04261735
04261375
04261357
04621357
04621375
04621735
04627135
04672135
04762135
07462135
07642135
06742135
06472135
06427135
06421735
06421375
06421357
06421537
06421573
06421753
06427153
06472153
06742153
07642153
07462153
04762153
04672153
04627153
04621753
04621573
04621537
04261537
04261573
04261753
04267153
04276153
04726153
07426153
07421653
04721653
04271653
04217653
04216753
04216573
04216537
04215637
04215673
04215763
04217563
04271563
04721563
07421563
07421536
04721536
04271536
04217536
04215736
04215376
04215367
04251367
04251376
04251736
04257136
04275136
04725136
07425136
07425163
04725163
04275163
04257163
04251763
04251673
04251637
04256137
04256173
04256713
04257613
04275613
04725613
07425613
07426513
04726513
04276513
04267513
04265713
04265173
04265137
04625137
04625173
04625713
04627513
04672513
04762513
07462513
07642513
06742513
06472513
06427513
06425713
06425173
06425137
06452137
06452173
06452713
06457213
06475213
06745213
07645213
07465213
04765213
04675213
04657213
04652713
04652173
04652137
04562137
04562173
04562713
04567213
04576213
04756213
07456213
07452613
04752613
04572613
04527613
04526713
04526173
04526137
04521637
04521673
04521763
04527163
04572163
04752163
07452163
07452136
04752136
04572136
04527136
04521736
04521376
04521367
05421367
05421376
05421736
05427136
05472136
05742136
07542136
07542163
05742163
05472163
05427163
05421763
05421673
05421637
05426137
05426173
05426713
05427613
05472613
05742613
07542613
07546213
05746213
05476213
05467213
05462713
05462173
05462137
05642137
05642173
05642713
05647213
05674213
05764213
07564213
07654213
06754213
06574213
06547213
06542713
06542173
06542137
06524137
06524173
06524713
06527413
06572413
06752413
07652413
07562413
05762413
05672413
05627413
05624713
05624173
05624137
05264137
05264173
05264713
05267413
05276413
05726413
07526413
07524613
05724613
05274613
05247613
05246713
05246173
05246137
05241637
05241673
05241763
05247163
05274163
05724163
07524163
07524136
05724136
05274136
05247136
05241736
05241376
05241367
02541367
02541376
02541736
02547136
02574136
02754136
07254136
07254163
02754163
02574163
02547163
02541763
02541673
02541637
02546137
02546173
02546713
02547613
02574613
02754613
07254613
07256413
02756413
02576413
02567413
02564713
02564173
02564137
02654137
02654173
02654713
02657413
02675413
02765413
07265413
07625413
06725413
06275413
06257413
06254713
06254173
06254137
06245137
06245173
06245713
06247513
06274513
06724513
07624513
07264513
02764513
02674513
02647513
02645713
02645173
02645137
02465137
02465173
02465713
02467513
02476513
02746513
07246513
07245613
02745613
02475613
02457613
02456713
02456173
02456137
02451637
02451673
02451763
02457163
02475163
02745163
07245163
07245136
02745136
02475136
02457136
02451736
02451376
02451367
02415367
02415376
02415736
02417536
02471536
02741536
07241536
07241563
02741563
02471563
02417563
02415763
02415673
02415637
02416537
02416573
02416753
02417653
02471653
02741653
07241653
07246153
02746153
02476153
02467153
02461753
02461573
02461537
02641537
02641573
02641753
02647153
02674153
02764153
07264153
07624153
06724153
06274153
06247153
06241753
06241573
06241537
06241357
06241375
06241735
06247135
06274135
06724135
07624135
07264135
02764135
02674135
02647135
02641735
02641375
02641357
02461357
02461375
02461735
02467135
02476135
02746135
07246135
07241635
02741635
02471635
02417635
02416735
02416375
02416357
02413657
02413675
02413765
02417365
02471365
02741365
07241365
07241356
02741356
02471356
02417356
02413756
02413576
02413567
02143567
02143576
02143756
02147356
02174356
02714356
07214356
07214365
02714365
02174365
02147365
02143765
02143675
02143657
02146357
02146375
02146735
02147635
02174635
02714635
07214635
07216435
02716435
02176435
02167435
02164735
02164375
02164357
02614357
02614375
02614735
02617435
02671435
02761435
07261435
07621435
06721435
06271435
06217435
06214735
06214375
06214357
06214537
06214573
06214753
06217453
06271453
06721453
07621453
07261453
02761453
02671453
02617453
02614753
02614573
02614537
02164537
02164573
02164753
02167453
02176453
02716453
07216453
07214653
02714653
02174653
02147653
02146753
02146573
02146537
02145637
02145673
02145763
02147563
02174563
02714563
07214563
07214536
02714536
02174536
02147536
02145736
02145376
02145367
02154367
02154376
02154736
02157436
02175436
02715436
07215436
07215463
02715463
02175463
02157463
02154763
02154673
02154637
02156437
02156473
02156743
02157643
02175643
02715643
07215643
07216543
02716543
02176543
02167543
02165743
02165473
02165437
02615437
02615473
02615743
02617543
02671543
02761543
07261543
07621543
06721543
06271543
06217543
06215743
06215473
06215437
06251437
06251473
06251743
06257143
06275143
06725143
07625143
07265143
02765143
02675143
02657143
02651743
02651473
02651437
02561437
02561473
02561743
02567143
02576143
02756143
07256143
07251643
02751643
02571643
02517643
02516743
02516473
02516437
02514637
02514673
02514763
02517463
02571463
02751463
07251463
07251436
02751436
02571436
02517436
02514736
02514376
02514367
05214367
05214376
05214736
05217436
05271436
05721436
07521436
07521463
05721463
05271463
05217463
05214763
05214673
05214637
05216437
05216473
05216743
05217643
05271643
05721643
07521643
07526143
05726143
05276143
05267143
05261743
05261473
05261437
05621437
05621473
05621743
05627143
05672143
05762143
07562143
07652143
06752143
06572143
06527143
06521743
06521473
06521437
06521347
06521374
06521734
06527134
06572134
06752134
07652134
07562134
05762134
05672134
05627134
05621734
05621374
05621347
05261347
05261374
05261734
05267134
05276134
05726134
07526134
07521634
05721634
05271634
05217634
05216734
05216374
05216347
05213647
05213674
05213764
05217364
05271364
05721364
07521364
07521346
05721346
05271346
05217346
05213746
05213476
05213467
02513467
02513476
02513746
02517346
02571346
02751346
07251346
07251364
02751364
02571364
02517364
02513764
02513674
02513647
02516347
02516374
02516734
02517634
02571634
02751634
07251634
07256134
02756134
02576134
02567134
02561734
02561374
02561347
02651347
02651374
02651734
02657134
02675134
02765134
07265134
07625134
06725134
06275134
06257134
06251734
06251374
06251347
06215347
06215374
06215734
06217534
06271534
06721534
07621534
07261534
02761534
02671534
02617534
02615734
02615374
02615347
02165347
02165374
02165734
02167534
02176534
02716534
07216534
07215634
02715634
02175634
02157634
02156734
02156374
02156347
02153647
02153674
02153764
02157364
02175364
02715364
07215364
07215346
02715346
02175346
02157346
02153746
02153476
02153467
02135467
02135476
02135746
02137546
02173546
02713546
07213546
07213564
02713564
02173564
02137564
02135764
02135674
02135647
02136547
02136574
02136754
02137654
02173654
02713654
07213654
07216354
02716354
02176354
02167354
02163754
02163574
02163547
02613547
02613574
02613754
02617354
02671354
02761354
07261354
07621354
06721354
06271354
06217354
06213754
06213574
06213547
06213457
06213475
06213745
06217345
06271345
06721345
07621345
07261345
02761345
02671345
02617345
02613745
02613475
02613457
02163457
02163475
02163745
02167345
02176345
02716345
07216345
07213645
02713645
02173645
02137645
02136745
02136475
02136457
02134657
02134675
02134765
02137465
02173465
02713465
07213465
07213456
02713456
02173456
02137456
02134756
02134576
02134567
